0 1 10 3.79829581
0 1 50 13.21666405
0 1 100 21.94087894
0 1 1000 167.28601246
0 2 10 1.00981786
0 2 50 2.14210295
0 2 100 6.23324413
0 2 1000 34.55940757
0 3 10 1.02292780
0 3 50 1.07307712
0 3 100 2.18487103
0 3 1000 9.26972990
0 5 10 0.00000000
0 5 50 0.00003956
0 5 100 1.07521937
0 5 1000 1.01097549
1 1 10 3.40658252
1 1 50 10.91110439
1 1 100 17.78149831
1 1 1000 183.75126767
1 2 10 0.00000000
1 2 50 3.26044238
1 2 100 5.22895861
1 2 1000 36.58883010
1 3 10 1.30564701
1 3 50 2.41011457
1 3 100 1.51907620
1 3 1000 6.09475588
1 5 10 0.00000000
1 5 50 0.00008538
1 5 100 1.00023448
1 5 1000 1.00298645
2 1 10 4.01311555
2 1 50 15.93320754
2 1 100 12.82294850
2 1 1000 200.52181726
2 2 10 1.00056479
2 2 50 1.71660780
2 2 100 6.39666871
2 2 1000 36.06611616
2 3 10 0.99999980
2 3 50 2.07836535
2 3 100 2.97217843
2 3 1000 7.70625699
2 5 10 0.00000000
2 5 50 0.00000953
2 5 100 0.99999976
2 5 1000 1.03721693
3 1 10 2.17905943
3 1 50 13.22263459
3 1 100 21.87228214
3 1 1000 181.30115924
3 2 10 1.56130740
3 2 50 4.00322730
3 2 100 5.44784685
3 2 1000 38.06901510
3 3 10 0.00000000
3 3 50 1.00883162
3 3 100 1.80442088
3 3 1000 7.36280523
3 5 10 0.00000001
3 5 50 0.00001350
3 5 100 0.00000150
3 5 1000 1.03668714
4 1 10 2.07780226
4 1 50 7.88469979
4 1 100 16.43863169
4 1 1000 189.73991683
4 2 10 0.00000022
4 2 50 3.48209270
4 2 100 3.80716578
4 2 1000 36.10442431
4 3 10 0.00000097
4 3 50 1.40091956
4 3 100 1.67488413
4 3 1000 6.91467948
4 5 10 0.00000000
4 5 50 0.00000002
4 5 100 1.00005248
4 5 1000 1.43784734
5 1 10 3.43875329
5 1 50 8.42768490
5 1 100 19.34094953
5 1 1000 179.25630128
5 2 10 1.44066513
5 2 50 1.84766702
5 2 100 5.05637733
5 2 1000 36.87342649
5 3 10 1.00011912
5 3 50 2.38488845
5 3 100 1.29392127
5 3 1000 9.17191629
5 5 10 0.00000000
5 5 50 0.00000000
5 5 100 1.00058768
5 5 1000 1.05401962
6 1 10 2.63665457
6 1 50 13.79777363
6 1 100 24.07412512
6 1 1000 184.29042243
6 2 10 1.00533363
6 2 50 3.09535757
6 2 100 3.89047804
6 2 1000 40.22524609
6 3 10 0.00007878
6 3 50 2.05259101
6 3 100 2.15631638
6 3 1000 10.18684539
6 5 10 0.00000000
6 5 50 0.00000000
6 5 100 1.00570947
6 5 1000 1.00074325
7 1 10 1.86736155
7 1 50 13.86326482
7 1 100 26.16251861
7 1 1000 183.68169734
7 2 10 1.00160684
7 2 50 5.43469292
7 2 100 4.77596197
7 2 1000 33.00949416
7 3 10 0.00002897
7 3 50 1.02560428
7 3 100 1.00134926
7 3 1000 7.37893742
7 5 10 0.99999977
7 5 50 0.00000000
7 5 100 1.00035360
7 5 1000 1.04500284
8 1 10 3.94061653
8 1 50 12.34752936
8 1 100 22.86847317
8 1 1000 186.13427824
8 2 10 0.99999977
8 2 50 2.22907761
8 2 100 6.55637812
8 2 1000 43.96217817
8 3 10 0.99999980
8 3 50 1.05152141
8 3 100 2.41538432
8 3 1000 7.78659435
8 5 10 0.00000000
8 5 50 1.00001267
8 5 100 1.00014650
8 5 1000 1.69485651
9 1 10 3.78747718
9 1 50 9.08407493
9 1 100 20.89684718
9 1 1000 195.68071293
9 2 10 1.02052640
9 2 50 3.05887644
9 2 100 4.19869678
9 2 1000 29.12155837
9 3 10 0.00019639
9 3 50 1.00531292
9 3 100 1.00711246
9 3 1000 9.04967646
9 5 10 0.00000000
9 5 50 0.00000027
9 5 100 1.00080656
9 5 1000 1.00997210
10 1 10 3.20447911
10 1 50 8.39220253
10 1 100 21.19169950
10 1 1000 185.29767886
10 2 10 1.00448622
10 2 50 1.95936017
10 2 100 3.67214551
10 2 1000 35.61671629
10 3 10 0.00000001
10 3 50 1.95442242
10 3 100 1.59583918
10 3 1000 7.85456048
10 5 10 0.99999977
10 5 50 0.00000000
10 5 100 0.00000000
10 5 1000 1.03752528
11 1 10 1.69135729
11 1 50 8.97921279
11 1 100 20.92641044
11 1 1000 192.15641721
11 2 10 1.88658806
11 2 50 2.10676213
11 2 100 3.87191668
11 2 1000 39.73187498
11 3 10 0.00000000
11 3 50 2.01822076
11 3 100 1.92626151
11 3 1000 9.41603528
11 5 10 0.00000000
11 5 50 1.00000417
11 5 100 0.00000588
11 5 1000 1.11792171
12 1 10 2.80987931
12 1 50 7.62001920
12 1 100 20.36548951
12 1 1000 179.81228136
12 2 10 1.45948318
12 2 50 2.57986226
12 2 100 5.14989085
12 2 1000 37.87880616
12 3 10 0.00002492
12 3 50 1.48411004
12 3 100 1.24691673
12 3 1000 8.78855262
12 5 10 0.00000000
12 5 50 0.00000079
12 5 100 0.00009708
12 5 1000 2.00179275
13 1 10 1.00990511
13 1 50 10.22205818
13 1 100 17.00342729
13 1 1000 171.14288952
13 2 10 1.00021188
13 2 50 2.26260659
13 2 100 5.15025309
13 2 1000 33.82587477
13 3 10 1.00116399
13 3 50 2.12627384
13 3 100 1.31130583
13 3 1000 7.55943166
13 5 10 0.00000031
13 5 50 0.00003175
13 5 100 0.00014484
13 5 1000 1.66345657
14 1 10 1.85813667
14 1 50 11.95162824
14 1 100 19.94342865
14 1 1000 210.83962634
14 2 10 1.00037351
14 2 50 2.92267570
14 2 100 7.23182115
14 2 1000 41.14878483
14 3 10 1.00426796
14 3 50 1.01293216
14 3 100 2.59563825
14 3 1000 11.26556303
14 5 10 0.00000000
14 5 50 0.00000388
14 5 100 1.00016599
14 5 1000 1.31770439
15 1 10 1.00003829
15 1 50 11.54301370
15 1 100 19.15367982
15 1 1000 194.44629158
15 2 10 2.21372102
15 2 50 4.21435544
15 2 100 7.84495442
15 2 1000 39.64357034
15 3 10 0.00021135
15 3 50 1.05505867
15 3 100 1.05390382
15 3 1000 5.61571258
15 5 10 0.00000005
15 5 50 0.99999978
15 5 100 0.99999998
15 5 1000 1.09467058
16 1 10 2.11127022
16 1 50 12.66345838
16 1 100 15.97994144
16 1 1000 182.92696806
16 2 10 0.99999976
16 2 50 1.04249188
16 2 100 4.60312464
16 2 1000 38.27087994
16 3 10 1.00994662
16 3 50 1.00029066
16 3 100 1.02221502
16 3 1000 7.14391756
16 5 10 0.00000000
16 5 50 1.00018406
16 5 100 1.00001434
16 5 1000 2.20073636
17 1 10 3.20037308
17 1 50 10.50224769
17 1 100 21.83695988
17 1 1000 183.96473827
17 2 10 1.00160770
17 2 50 1.65140755
17 2 100 5.63866662
17 2 1000 36.44157158
17 3 10 1.00000084
17 3 50 1.00296083
17 3 100 1.91609400
17 3 1000 6.55232485
17 5 10 0.00000000
17 5 50 0.00000189
17 5 100 0.00000768
17 5 1000 1.05401083
18 1 10 2.63082944
18 1 50 10.35308236
18 1 100 22.04698186
18 1 1000 192.27989772
18 2 10 1.00005356
18 2 50 3.64654639
18 2 100 2.93181289
18 2 1000 36.40733957
18 3 10 0.00000000
18 3 50 1.37994735
18 3 100 1.15577814
18 3 1000 8.77217279
18 5 10 0.00000000
18 5 50 0.00000000
18 5 100 0.00000665
18 5 1000 1.01650350
19 1 10 3.00521611
19 1 50 10.26744560
19 1 100 18.55043396
19 1 1000 178.27120781
19 2 10 1.00862668
19 2 50 2.24686139
19 2 100 5.08137272
19 2 1000 39.50342397
19 3 10 0.00004977
19 3 50 1.14483192
19 3 100 1.58124735
19 3 1000 8.22977679
19 5 10 0.00001606
19 5 50 0.00000000
19 5 100 0.00000000
19 5 1000 1.02551240
20 1 10 1.12574604
20 1 50 11.27205158
20 1 100 23.36294122
20 1 1000 188.76534373
20 2 10 1.44757228
20 2 50 4.92702245
20 2 100 5.97855667
20 2 1000 39.70706936
20 3 10 0.00014561
20 3 50 1.60866333
20 3 100 1.82375336
20 3 1000 9.55489529
20 5 10 0.00000000
20 5 50 0.00000267
20 5 100 1.00014707
20 5 1000 1.37993438
21 1 10 3.02204241
21 1 50 13.21655886
21 1 100 25.66441614
21 1 1000 192.70189614
21 2 10 1.70075113
21 2 50 3.44367233
21 2 100 5.17315204
21 2 1000 34.05945887
21 3 10 0.00006975
21 3 50 1.00007950
21 3 100 2.49385230
21 3 1000 8.50312706
21 5 10 0.00000000
21 5 50 0.00000000
21 5 100 0.00000260
21 5 1000 1.01764746
22 1 10 3.83545917
22 1 50 10.23004301
22 1 100 16.97694799
22 1 1000 189.53745183
22 2 10 1.00952463
22 2 50 1.80055787
22 2 100 5.53007932
22 2 1000 33.75158926
22 3 10 0.99999976
22 3 50 1.06429732
22 3 100 1.47360301
22 3 1000 10.27623948
22 5 10 0.00000000
22 5 50 0.00001655
22 5 100 0.00010744
22 5 1000 1.00891224
23 1 10 2.53904316
23 1 50 9.26445240
23 1 100 20.54867813
23 1 1000 158.60015301
23 2 10 1.02362129
23 2 50 5.53240029
23 2 100 5.60273950
23 2 1000 35.24010886
23 3 10 0.99999977
23 3 50 1.00890571
23 3 100 3.25762200
23 3 1000 7.92490529
23 5 10 0.00000000
23 5 50 0.00001488
23 5 100 1.00001562
23 5 1000 1.09318097
24 1 10 2.97992231
24 1 50 11.00358191
24 1 100 20.62996570
24 1 1000 181.81354191
24 2 10 1.58583587
24 2 50 2.35832183
24 2 100 5.48897086
24 2 1000 33.22346925
24 3 10 1.00000448
24 3 50 1.34975994
24 3 100 1.00072171
24 3 1000 8.58486181
24 5 10 0.00000000
24 5 50 0.99999978
24 5 100 1.02127437
24 5 1000 1.01288828
25 1 10 3.11896146
25 1 50 6.01561130
25 1 100 23.50002777
25 1 1000 169.15620335
25 2 10 1.08362741
25 2 50 1.76018613
25 2 100 5.78388739
25 2 1000 38.18895003
25 3 10 0.99999979
25 3 50 1.00001774
25 3 100 2.55980587
25 3 1000 9.35038444
25 5 10 0.00000001
25 5 50 0.00000969
25 5 100 0.00001754
25 5 1000 1.29461363
26 1 10 3.12987600
26 1 50 10.22509286
26 1 100 18.26484748
26 1 1000 180.12497831
26 2 10 1.00117910
26 2 50 2.21496477
26 2 100 6.20536252
26 2 1000 38.38997862
26 3 10 0.00000449
26 3 50 1.02209634
26 3 100 2.31881991
26 3 1000 7.73766389
26 5 10 0.00000000
26 5 50 0.00000002
26 5 100 0.00001328
26 5 1000 1.05527400
27 1 10 3.59432302
27 1 50 9.69928299
27 1 100 22.25735290
27 1 1000 173.23106990
27 2 10 1.10306079
27 2 50 3.71761344
27 2 100 3.22512485
27 2 1000 33.58473106
27 3 10 1.00047188
27 3 50 0.00000029
27 3 100 2.09344675
27 3 1000 8.08943286
27 5 10 0.00000024
27 5 50 1.00000153
27 5 100 0.00000039
27 5 1000 1.01447464
28 1 10 1.84279226
28 1 50 10.16347669
28 1 100 17.78956677
28 1 1000 174.50681623
28 2 10 1.00019970
28 2 50 3.62709482
28 2 100 5.47297058
28 2 1000 36.80609897
28 3 10 0.99999976
28 3 50 2.13455514
28 3 100 1.99679105
28 3 1000 7.32744033
28 5 10 0.00000000
28 5 50 0.00000064
28 5 100 0.00010206
28 5 1000 1.09528412
29 1 10 1.08328211
29 1 50 13.30206619
29 1 100 20.83678872
29 1 1000 184.31486669
29 2 10 1.06867547
29 2 50 3.01905755
29 2 100 2.04767981
29 2 1000 42.33653424
29 3 10 1.00255714
29 3 50 1.00425943
29 3 100 1.83858585
29 3 1000 9.25302238
29 5 10 0.00000000
29 5 50 0.00000522
29 5 100 0.00000280
29 5 1000 1.00148059
30 1 10 2.99604881
30 1 50 9.77742617
30 1 100 13.22327635
30 1 1000 183.83571079
30 2 10 1.00000148
30 2 50 3.23065017
30 2 100 5.22212024
30 2 1000 35.31163586
30 3 10 1.49998994
30 3 50 1.00921294
30 3 100 2.62939508
30 3 1000 8.01085840
30 5 10 0.00000000
30 5 50 0.00000487
30 5 100 1.00033230
30 5 1000 1.36417025
31 1 10 3.08784082
31 1 50 12.33321282
31 1 100 25.07770022
31 1 1000 185.34740745
31 2 10 1.06030887
31 2 50 3.79667184
31 2 100 5.76635079
31 2 1000 37.90358919
31 3 10 1.03209955
31 3 50 2.22195543
31 3 100 1.80955619
31 3 1000 6.78117912
31 5 10 0.00000006
31 5 50 1.00036668
31 5 100 1.00689519
31 5 1000 1.44959033
32 1 10 1.00062752
32 1 50 11.54436795
32 1 100 22.14327808
32 1 1000 183.85979085
32 2 10 1.01412355
32 2 50 2.83424473
32 2 100 7.64495438
32 2 1000 36.38764682
32 3 10 0.00000000
32 3 50 1.19717612
32 3 100 1.65267545
32 3 1000 11.71790306
32 5 10 0.00000000
32 5 50 0.00017373
32 5 100 0.00000002
32 5 1000 1.13523326
33 1 10 1.68942783
33 1 50 11.81869897
33 1 100 23.82156817
33 1 1000 188.87895346
33 2 10 1.00555192
33 2 50 2.25238325
33 2 100 3.76376052
33 2 1000 33.85299919
33 3 10 0.99999976
33 3 50 1.00939083
33 3 100 1.09275134
33 3 1000 7.79362514
33 5 10 0.00000000
33 5 50 0.00000000
33 5 100 0.00000000
33 5 1000 1.59984212
34 1 10 2.87085378
34 1 50 9.95114651
34 1 100 23.54107210
34 1 1000 186.01410274
34 2 10 1.00625717
34 2 50 3.92137514
34 2 100 3.96972130
34 2 1000 35.65031793
34 3 10 0.00000001
34 3 50 1.89183955
34 3 100 1.37644666
34 3 1000 6.81453180
34 5 10 0.00000000
34 5 50 1.00017096
34 5 100 0.00009702
34 5 1000 1.27466140
35 1 10 2.93007019
35 1 50 9.59395433
35 1 100 20.03180950
35 1 1000 172.45752761
35 2 10 1.00551752
35 2 50 2.89235619
35 2 100 5.16139071
35 2 1000 30.48821589
35 3 10 0.00000290
35 3 50 1.04705317
35 3 100 1.06992037
35 3 1000 8.99642848
35 5 10 0.00000000
35 5 50 0.00000000
35 5 100 1.00000124
35 5 1000 2.05226375
36 1 10 2.37603199
36 1 50 3.92268448
36 1 100 26.80870330
36 1 1000 188.09061733
36 2 10 1.49139096
36 2 50 3.80512276
36 2 100 6.64856795
36 2 1000 33.82935907
36 3 10 1.25183722
36 3 50 1.95114020
36 3 100 3.00754523
36 3 1000 7.04963011
36 5 10 0.00000000
36 5 50 0.99999976
36 5 100 1.00001713
36 5 1000 1.40826048
37 1 10 3.33230964
37 1 50 10.67441216
37 1 100 20.50886473
37 1 1000 159.81864881
37 2 10 0.00000000
37 2 50 3.49908866
37 2 100 5.30315620
37 2 1000 37.74312161
37 3 10 0.00000168
37 3 50 1.00154892
37 3 100 1.35648778
37 3 1000 10.15857941
37 5 10 0.00000000
37 5 50 0.00000001
37 5 100 1.00004443
37 5 1000 1.35658325
38 1 10 2.30951379
38 1 50 10.52892173
38 1 100 23.78684804
38 1 1000 191.37124751
38 2 10 1.00002511
38 2 50 1.16519688
38 2 100 4.54761592
38 2 1000 41.63950889
38 3 10 0.00009264
38 3 50 2.07779218
38 3 100 1.02258613
38 3 1000 9.27547280
38 5 10 0.00000069
38 5 50 0.00000033
38 5 100 0.00000103
38 5 1000 1.11561721
39 1 10 2.32237386
39 1 50 6.96584595
39 1 100 14.79010827
39 1 1000 188.29822253
39 2 10 0.00000000
39 2 50 2.54497750
39 2 100 6.25861930
39 2 1000 36.78557603
39 3 10 1.25093412
39 3 50 1.25388635
39 3 100 1.82758174
39 3 1000 7.56547715
39 5 10 0.00000000
39 5 50 0.00000054
39 5 100 1.00019040
39 5 1000 1.08097329
40 1 10 2.68316820
40 1 50 11.43515071
40 1 100 20.31825152
40 1 1000 182.42065792
40 2 10 0.00005938
40 2 50 2.33339594
40 2 100 3.59036281
40 2 1000 31.40697026
40 3 10 1.00123485
40 3 50 1.30797688
40 3 100 2.26444383
40 3 1000 8.81385539
40 5 10 0.00000062
40 5 50 0.00000028
40 5 100 0.00000000
40 5 1000 1.04092484
41 1 10 2.99872293
41 1 50 14.80414371
41 1 100 17.61663753
41 1 1000 185.54861355
41 2 10 0.00000284
41 2 50 1.75720016
41 2 100 5.58406348
41 2 1000 41.31222160
41 3 10 1.06542794
41 3 50 1.00000221
41 3 100 1.04069816
41 3 1000 7.01524027
41 5 10 0.00000012
41 5 50 0.00000000
41 5 100 0.00009084
41 5 1000 1.28494177
42 1 10 2.47047734
42 1 50 6.14782181
42 1 100 21.43465296
42 1 1000 189.49939677
42 2 10 0.99999994
42 2 50 4.32139087
42 2 100 4.99661981
42 2 1000 35.06415321
42 3 10 1.00293145
42 3 50 1.00516092
42 3 100 1.04914940
42 3 1000 8.62367258
42 5 10 0.00000000
42 5 50 1.00003683
42 5 100 0.00008235
42 5 1000 1.12608074
43 1 10 2.66408587
43 1 50 7.36233832
43 1 100 19.55658715
43 1 1000 179.44598939
43 2 10 0.00000000
43 2 50 3.16968386
43 2 100 4.16297274
43 2 1000 35.95600408
43 3 10 0.00011153
43 3 50 1.30917750
43 3 100 1.83669022
43 3 1000 7.24907930
43 5 10 0.00000000
43 5 50 0.00000002
43 5 100 1.00035173
43 5 1000 1.18130635
44 1 10 2.51384768
44 1 50 8.93623344
44 1 100 20.45952580
44 1 1000 166.89728427
44 2 10 1.06374873
44 2 50 2.05859372
44 2 100 3.24753730
44 2 1000 33.73194208
44 3 10 0.99999979
44 3 50 1.00345961
44 3 100 1.52386694
44 3 1000 9.38430476
44 5 10 0.00000000
44 5 50 0.00007261
44 5 100 0.00016538
44 5 1000 1.01200012
45 1 10 1.00000186
45 1 50 11.20289629
45 1 100 17.00924336
45 1 1000 183.47522675
45 2 10 1.08926373
45 2 50 1.96422446
45 2 100 6.37539971
45 2 1000 36.97922167
45 3 10 0.00001497
45 3 50 1.01840546
45 3 100 1.15281327
45 3 1000 7.46750336
45 5 10 0.00000000
45 5 50 0.00000913
45 5 100 0.00010915
45 5 1000 1.04661634
46 1 10 2.23546363
46 1 50 11.83474299
46 1 100 21.76106333
46 1 1000 193.19794675
46 2 10 1.00000198
46 2 50 3.80286294
46 2 100 3.60541887
46 2 1000 39.53607950
46 3 10 0.00000273
46 3 50 1.03276279
46 3 100 1.21500084
46 3 1000 7.15338372
46 5 10 0.00000000
46 5 50 0.00000194
46 5 100 0.00003133
46 5 1000 1.01606915
47 1 10 2.01426227
47 1 50 8.11110435
47 1 100 22.76406584
47 1 1000 184.00015913
47 2 10 2.51121607
47 2 50 2.57362774
47 2 100 6.13176960
47 2 1000 26.81381211
47 3 10 0.99999976
47 3 50 1.49946109
47 3 100 1.14257100
47 3 1000 8.17535793
47 5 10 0.99999977
47 5 50 1.00000064
47 5 100 1.00041291
47 5 1000 1.00158933
48 1 10 1.00125010
48 1 50 11.63649848
48 1 100 17.80545380
48 1 1000 197.58960495
48 2 10 1.00491008
48 2 50 2.69019159
48 2 100 6.11296895
48 2 1000 31.51445789
48 3 10 1.01408536
48 3 50 1.60083461
48 3 100 2.96501512
48 3 1000 9.26357590
48 5 10 0.00000000
48 5 50 0.00000000
48 5 100 1.00004527
48 5 1000 1.01596017
49 1 10 3.12506270
49 1 50 9.00415920
49 1 100 23.88511041
49 1 1000 188.42545560
49 2 10 1.71667444
49 2 50 4.11808625
49 2 100 4.89783972
49 2 1000 34.98877790
49 3 10 1.00000033
49 3 50 1.63841435
49 3 100 2.76622496
49 3 1000 8.77112210
49 5 10 0.00000064
49 5 50 0.00000144
49 5 100 0.00000000
49 5 1000 1.00840450
50 1 10 4.10423217
50 1 50 12.00368138
50 1 100 20.79497503
50 1 1000 168.86422398
50 2 10 1.41254134
50 2 50 1.00976592
50 2 100 5.21790036
50 2 1000 35.17349969
50 3 10 0.00000000
50 3 50 1.00359139
50 3 100 1.56223777
50 3 1000 4.76610287
50 5 10 0.00000000
50 5 50 0.00000037
50 5 100 1.18353916
50 5 1000 1.99956483
51 1 10 2.68788516
51 1 50 11.99937325
51 1 100 22.09809930
51 1 1000 179.95855034
51 2 10 1.00276718
51 2 50 1.88221322
51 2 100 4.29809363
51 2 1000 33.25355725
51 3 10 1.00000361
51 3 50 1.00143789
51 3 100 1.78518206
51 3 1000 7.26578220
51 5 10 0.00000000
51 5 50 0.99999976
51 5 100 0.99999976
51 5 1000 1.06441369
52 1 10 2.47147856
52 1 50 12.56350340
52 1 100 21.89799432
52 1 1000 196.25177605
52 2 10 0.00000000
52 2 50 1.03853298
52 2 100 4.62559719
52 2 1000 36.69252369
52 3 10 1.00005322
52 3 50 1.04432708
52 3 100 1.14425164
52 3 1000 7.19701072
52 5 10 0.00000000
52 5 50 0.99999979
52 5 100 0.00008451
52 5 1000 1.16135501
53 1 10 4.07695735
53 1 50 11.28576793
53 1 100 17.24924862
53 1 1000 209.27864046
53 2 10 1.04067413
53 2 50 3.18322116
53 2 100 4.97491339
53 2 1000 32.17538458
53 3 10 1.62749908
53 3 50 2.25022393
53 3 100 1.01019157
53 3 1000 9.83333304
53 5 10 0.00000000
53 5 50 0.99999976
53 5 100 1.13493769
53 5 1000 1.06064258
54 1 10 2.11284491
54 1 50 7.11144736
54 1 100 16.90838213
54 1 1000 177.78468342
54 2 10 1.98620350
54 2 50 4.61195371
54 2 100 6.57026128
54 2 1000 37.18456947
54 3 10 0.00000299
54 3 50 1.53964944
54 3 100 1.06448635
54 3 1000 7.31240032
54 5 10 0.00000000
54 5 50 0.00000232
54 5 100 1.00047015
54 5 1000 1.63389158
55 1 10 2.87287870
55 1 50 12.86725994
55 1 100 22.05235692
55 1 1000 191.63898549
55 2 10 1.00142623
55 2 50 2.82664775
55 2 100 3.97291955
55 2 1000 34.51228024
55 3 10 0.00009058
55 3 50 0.00000784
55 3 100 3.38596783
55 3 1000 6.86573768
55 5 10 0.00000000
55 5 50 0.00000193
55 5 100 1.00280020
55 5 1000 1.44749555
56 1 10 3.56858377
56 1 50 10.64165675
56 1 100 18.15663573
56 1 1000 177.00303636
56 2 10 1.00043267
56 2 50 1.03699919
56 2 100 4.59878905
56 2 1000 36.29165201
56 3 10 1.00001147
56 3 50 1.01553590
56 3 100 2.25725261
56 3 1000 7.10238739
56 5 10 0.99999977
56 5 50 0.00000004
56 5 100 0.00000018
56 5 1000 1.23626126
57 1 10 3.47932622
57 1 50 11.06296668
57 1 100 21.40868324
57 1 1000 162.38070625
57 2 10 0.99999976
57 2 50 2.03165319
57 2 100 5.16636364
57 2 1000 37.67377260
57 3 10 0.99999978
57 3 50 1.60799763
57 3 100 1.03852946
57 3 1000 7.26638860
57 5 10 0.00000002
57 5 50 0.00009939
57 5 100 0.00000000
57 5 1000 1.01847017
58 1 10 1.13494261
58 1 50 11.08091424
58 1 100 19.48901451
58 1 1000 195.49316821
58 2 10 1.60613235
58 2 50 2.78680802
58 2 100 4.41176447
58 2 1000 33.49702340
58 3 10 1.09737911
58 3 50 1.00085327
58 3 100 1.40733148
58 3 1000 7.08638737
58 5 10 0.00000000
58 5 50 1.00000059
58 5 100 0.00000057
58 5 1000 1.27286735
59 1 10 2.61777179
59 1 50 12.39014747
59 1 100 19.53936098
59 1 1000 199.10455319
59 2 10 1.60920234
59 2 50 4.99501036
59 2 100 5.60259520
59 2 1000 31.75487198
59 3 10 0.00000094
59 3 50 1.41045680
59 3 100 1.20324438
59 3 1000 7.37701591
59 5 10 0.00000000
59 5 50 0.99999977
59 5 100 1.00011918
59 5 1000 1.11698658
60 1 10 1.58070633
60 1 50 10.32849044
60 1 100 24.47561641
60 1 1000 183.42251040
60 2 10 1.03839729
60 2 50 4.59971454
60 2 100 5.92180475
60 2 1000 40.30691634
60 3 10 0.00000000
60 3 50 1.01487388
60 3 100 2.82091464
60 3 1000 8.94294825
60 5 10 0.00000000
60 5 50 0.00000001
60 5 100 1.00049515
60 5 1000 1.02209585
61 1 10 2.12508583
61 1 50 8.79686087
61 1 100 17.76398445
61 1 1000 211.29016678
61 2 10 1.03598632
61 2 50 2.00142759
61 2 100 7.07711971
61 2 1000 35.26581560
61 3 10 0.00000000
61 3 50 1.00000182
61 3 100 1.42897032
61 3 1000 5.60737324
61 5 10 0.00000110
61 5 50 0.00000001
61 5 100 0.00000002
61 5 1000 1.69613871
62 1 10 2.47248371
62 1 50 11.30568215
62 1 100 21.20743024
62 1 1000 189.76930841
62 2 10 1.00000272
62 2 50 2.74284775
62 2 100 5.56224570
62 2 1000 39.81615444
62 3 10 0.99999977
62 3 50 1.02560881
62 3 100 1.94403041
62 3 1000 9.69481327
62 5 10 0.00005570
62 5 50 1.00002669
62 5 100 0.00000025
62 5 1000 1.18993152
63 1 10 2.61387908
63 1 50 12.33861891
63 1 100 14.20387399
63 1 1000 188.52021361
63 2 10 1.39175169
63 2 50 3.80697733
63 2 100 4.84915469
63 2 1000 31.24739594
63 3 10 0.00000000
63 3 50 1.00826798
63 3 100 1.07932218
63 3 1000 7.43506163
63 5 10 0.00000000
63 5 50 0.00000337
63 5 100 1.00084712
63 5 1000 1.00966035
64 1 10 5.03638912
64 1 50 13.69040268
64 1 100 19.68464686
64 1 1000 194.65503581
64 2 10 1.03556497
64 2 50 3.93674813
64 2 100 6.35334339
64 2 1000 40.80495202
64 3 10 1.00231036
64 3 50 1.00150367
64 3 100 1.49087641
64 3 1000 8.10988227
64 5 10 0.00000000
64 5 50 0.99999976
64 5 100 0.00000001
64 5 1000 1.02769885
65 1 10 4.66993063
65 1 50 13.76153172
65 1 100 23.86678099
65 1 1000 196.48133351
65 2 10 2.08389972
65 2 50 3.47467780
65 2 100 4.05277562
65 2 1000 38.10513032
65 3 10 1.00000407
65 3 50 1.81930982
65 3 100 1.00451962
65 3 1000 7.94248711
65 5 10 0.00000134
65 5 50 1.00000097
65 5 100 0.00000015
65 5 1000 1.04343105
66 1 10 3.36068581
66 1 50 16.73730205
66 1 100 22.96837835
66 1 1000 177.49325863
66 2 10 1.05593800
66 2 50 3.37733164
66 2 100 4.83579832
66 2 1000 39.63839069
66 3 10 0.00000005
66 3 50 1.10763103
66 3 100 1.62463532
66 3 1000 9.82016512
66 5 10 0.00000000
66 5 50 0.00000000
66 5 100 0.99999976
66 5 1000 1.03766785
67 1 10 1.82344232
67 1 50 13.96276471
67 1 100 14.47928901
67 1 1000 170.18642040
67 2 10 1.00000883
67 2 50 4.14032185
67 2 100 5.33158685
67 2 1000 40.39701662
67 3 10 0.00004727
67 3 50 1.02965457
67 3 100 1.00096942
67 3 1000 8.54159829
67 5 10 0.00000040
67 5 50 1.00000394
67 5 100 1.00062200
67 5 1000 1.03511745
68 1 10 2.41650609
68 1 50 10.78610938
68 1 100 19.88601697
68 1 1000 176.42241609
68 2 10 1.07785053
68 2 50 3.10299945
68 2 100 5.38760037
68 2 1000 33.00648402
68 3 10 0.00000271
68 3 50 1.00068907
68 3 100 1.56263817
68 3 1000 8.19994327
68 5 10 0.00000000
68 5 50 0.00000018
68 5 100 0.00000010
68 5 1000 1.00334425
69 1 10 2.92482755
69 1 50 9.54479907
69 1 100 20.01209259
69 1 1000 169.70535529
69 2 10 1.42638817
69 2 50 2.26676612
69 2 100 3.95326195
69 2 1000 35.33698376
69 3 10 0.00000120
69 3 50 0.00006252
69 3 100 2.03451878
69 3 1000 11.03931532
69 5 10 0.00000000
69 5 50 0.00000056
69 5 100 0.00000735
69 5 1000 1.00703763
70 1 10 3.16391279
70 1 50 11.67654102
70 1 100 19.35820168
70 1 1000 179.25414265
70 2 10 1.00000682
70 2 50 1.12469030
70 2 100 4.90701924
70 2 1000 38.13665342
70 3 10 0.00000000
70 3 50 1.02690966
70 3 100 1.58779571
70 3 1000 9.85431758
70 5 10 0.00002464
70 5 50 1.00006464
70 5 100 0.00001638
70 5 1000 1.08091657
71 1 10 2.91951091
71 1 50 10.43902195
71 1 100 23.95657973
71 1 1000 180.74293838
71 2 10 1.00544427
71 2 50 3.33220158
71 2 100 6.45562619
71 2 1000 35.18929685
71 3 10 1.36562262
71 3 50 0.00009171
71 3 100 2.20021435
71 3 1000 11.81003372
71 5 10 0.00000000
71 5 50 0.00004763
71 5 100 1.00010959
71 5 1000 1.72048156
72 1 10 3.08256312
72 1 50 12.36114235
72 1 100 22.20626943
72 1 1000 177.38165442
72 2 10 1.06839509
72 2 50 3.51694866
72 2 100 6.40323260
72 2 1000 39.21166710
72 3 10 0.00000011
72 3 50 1.12888946
72 3 100 1.17250241
72 3 1000 8.19349711
72 5 10 0.00000000
72 5 50 0.00015144
72 5 100 0.00001254
72 5 1000 1.03410152
73 1 10 4.66885879
73 1 50 10.42548458
73 1 100 23.26066834
73 1 1000 193.10466801
73 2 10 1.00172389
73 2 50 1.01717140
73 2 100 4.03139128
73 2 1000 36.67298524
73 3 10 0.00007081
73 3 50 1.00023446
73 3 100 1.09617790
73 3 1000 7.93454147
73 5 10 0.00000105
73 5 50 0.00000000
73 5 100 0.00000002
73 5 1000 1.07317504
74 1 10 4.06275381
74 1 50 10.97737785
74 1 100 21.79820249
74 1 1000 180.15516107
74 2 10 0.00006555
74 2 50 2.23327131
74 2 100 5.50011946
74 2 1000 30.06941455
74 3 10 0.00000000
74 3 50 1.01750580
74 3 100 1.01433640
74 3 1000 6.58874830
74 5 10 0.00000016
74 5 50 0.00001875
74 5 100 0.00000006
74 5 1000 1.10080026
75 1 10 3.15089038
75 1 50 11.47186205
75 1 100 20.96694233
75 1 1000 192.07713412
75 2 10 0.00000001
75 2 50 1.91333968
75 2 100 5.49177362
75 2 1000 38.54703913
75 3 10 0.99999976
75 3 50 2.06132455
75 3 100 2.68741026
75 3 1000 7.38033614
75 5 10 0.00000000
75 5 50 0.99999993
75 5 100 1.00000077
75 5 1000 1.08769396
76 1 10 3.63830156
76 1 50 15.32719439
76 1 100 22.50825933
76 1 1000 192.94663602
76 2 10 1.00024462
76 2 50 1.60833648
76 2 100 3.34734625
76 2 1000 36.34667557
76 3 10 1.00011912
76 3 50 1.00511094
76 3 100 1.15363343
76 3 1000 10.00674668
76 5 10 0.99999976
76 5 50 0.00000000
76 5 100 0.00001557
76 5 1000 1.04216671
77 1 10 2.15550996
77 1 50 9.42780489
77 1 100 22.29632668
77 1 1000 202.62041850
77 2 10 1.00175049
77 2 50 3.56949191
77 2 100 4.38979772
77 2 1000 37.70109022
77 3 10 1.00679045
77 3 50 2.05156357
77 3 100 1.18955238
77 3 1000 6.80799418
77 5 10 0.00000000
77 5 50 0.00000161
77 5 100 0.00002500
77 5 1000 1.03391728
78 1 10 3.21850107
78 1 50 10.54651151
78 1 100 19.27357635
78 1 1000 188.37191724
78 2 10 1.00014195
78 2 50 2.74040669
78 2 100 6.32698478
78 2 1000 36.16379817
78 3 10 1.00000274
78 3 50 1.00115881
78 3 100 2.45317083
78 3 1000 7.12536786
78 5 10 0.00000000
78 5 50 0.00000138
78 5 100 0.00000080
78 5 1000 1.14518488
79 1 10 2.90251589
79 1 50 11.76888645
79 1 100 25.07184538
79 1 1000 168.19896518
79 2 10 1.61332565
79 2 50 4.94573014
79 2 100 2.60510527
79 2 1000 33.85039972
79 3 10 0.99999976
79 3 50 1.05495215
79 3 100 1.00373520
79 3 1000 10.08707245
79 5 10 0.00000617
79 5 50 0.00000002
79 5 100 1.00137237
79 5 1000 1.01109291
80 1 10 1.02758161
80 1 50 9.19396709
80 1 100 17.05122914
80 1 1000 191.48086702
80 2 10 1.05354140
80 2 50 2.92532279
80 2 100 4.63472317
80 2 1000 39.77451558
80 3 10 1.02263261
80 3 50 1.00490642
80 3 100 2.25546891
80 3 1000 7.80362738
80 5 10 0.00000000
80 5 50 0.00000038
80 5 100 0.00000000
80 5 1000 1.67610416
81 1 10 2.48221863
81 1 50 7.98128513
81 1 100 13.54250681
81 1 1000 196.90858197
81 2 10 1.00001086
81 2 50 2.56278113
81 2 100 3.70756938
81 2 1000 37.18545311
81 3 10 0.99999976
81 3 50 1.64833425
81 3 100 2.19582186
81 3 1000 6.43280236
81 5 10 0.00000000
81 5 50 0.99999976
81 5 100 0.00000004
81 5 1000 1.00098954
82 1 10 2.22128830
82 1 50 13.55907466
82 1 100 17.00485041
82 1 1000 171.37160587
82 2 10 1.72665354
82 2 50 2.22048644
82 2 100 3.25974056
82 2 1000 37.63218091
82 3 10 0.00000539
82 3 50 1.01970212
82 3 100 2.02853410
82 3 1000 7.37335010
82 5 10 0.00001001
82 5 50 0.00000002
82 5 100 0.00000032
82 5 1000 1.16140276
83 1 10 3.62669895
83 1 50 11.24186806
83 1 100 19.42089108
83 1 1000 180.32831190
83 2 10 1.00021188
83 2 50 2.20130802
83 2 100 5.80323709
83 2 1000 34.74777639
83 3 10 1.00613265
83 3 50 1.26800699
83 3 100 1.64029890
83 3 1000 7.00423294
83 5 10 0.00000000
83 5 50 0.00000231
83 5 100 0.00000237
83 5 1000 1.00029563
84 1 10 4.00099709
84 1 50 15.02513717
84 1 100 12.74613594
84 1 1000 174.56942119
84 2 10 1.00049567
84 2 50 3.13321190
84 2 100 5.36952396
84 2 1000 37.11280117
84 3 10 0.00000018
84 3 50 1.00796963
84 3 100 1.05843376
84 3 1000 11.16677280
84 5 10 0.00000000
84 5 50 0.00000002
84 5 100 0.00000000
84 5 1000 1.04263990
85 1 10 3.78911549
85 1 50 10.84039682
85 1 100 20.09120539
85 1 1000 184.30915598
85 2 10 1.93414150
85 2 50 2.41928491
85 2 100 5.56866335
85 2 1000 35.07035339
85 3 10 1.28536551
85 3 50 1.70501875
85 3 100 1.08781046
85 3 1000 9.82896174
85 5 10 0.00000000
85 5 50 1.00018317
85 5 100 1.00000026
85 5 1000 1.00573364
86 1 10 3.72855474
86 1 50 12.59626553
86 1 100 19.27625532
86 1 1000 196.49865543
86 2 10 1.58491046
86 2 50 3.31373220
86 2 100 6.06178033
86 2 1000 43.24018720
86 3 10 1.00219398
86 3 50 1.03523882
86 3 100 2.27330728
86 3 1000 7.85868860
86 5 10 0.00000000
86 5 50 0.00000001
86 5 100 0.99999976
86 5 1000 1.00913029
87 1 10 2.88755217
87 1 50 10.21678913
87 1 100 17.08151235
87 1 1000 189.81987230
87 2 10 1.33658505
87 2 50 3.73752131
87 2 100 5.43704568
87 2 1000 34.43265907
87 3 10 1.00285191
87 3 50 1.44778946
87 3 100 1.02693329
87 3 1000 8.27144205
87 5 10 0.99999977
87 5 50 0.00001363
87 5 100 1.00001590
87 5 1000 1.97433153
88 1 10 3.82459470
88 1 50 9.97276676
88 1 100 21.29820024
88 1 1000 188.34908949
88 2 10 1.05776716
88 2 50 2.99927842
88 2 100 5.45762708
88 2 1000 42.21339877
88 3 10 0.00000001
88 3 50 1.00159605
88 3 100 1.70868482
88 3 1000 7.30054982
88 5 10 0.00000000
88 5 50 0.00000000
88 5 100 1.00026388
88 5 1000 1.01634792
89 1 10 0.00000501
89 1 50 14.07566392
89 1 100 23.31552614
89 1 1000 173.68161678
89 2 10 1.11110696
89 2 50 2.79020855
89 2 100 4.31314089
89 2 1000 37.35247611
89 3 10 1.00002800
89 3 50 1.19245757
89 3 100 1.77721667
89 3 1000 9.11682963
89 5 10 0.00000000
89 5 50 0.00001038
89 5 100 0.00000013
89 5 1000 1.39357752
90 1 10 1.99660782
90 1 50 14.89607820
90 1 100 17.81625545
90 1 1000 192.07415184
90 2 10 1.00084272
90 2 50 2.81858344
90 2 100 5.86455191
90 2 1000 36.34178158
90 3 10 1.03237616
90 3 50 1.03716576
90 3 100 1.02835768
90 3 1000 8.91826160
90 5 10 0.00000000
90 5 50 0.99999976
90 5 100 0.00001108
90 5 1000 1.01758511
91 1 10 1.00770170
91 1 50 9.16174517
91 1 100 17.40529345
91 1 1000 193.94811016
91 2 10 1.20515607
91 2 50 2.07018968
91 2 100 2.57609976
91 2 1000 33.20303639
91 3 10 0.99999977
91 3 50 0.00002586
91 3 100 2.95834314
91 3 1000 5.93345903
91 5 10 0.00000000
91 5 50 0.00001281
91 5 100 1.00024830
91 5 1000 1.00526017
92 1 10 3.09734972
92 1 50 6.08100464
92 1 100 23.24321989
92 1 1000 180.17973315
92 2 10 1.76269888
92 2 50 2.68131848
92 2 100 2.76959480
92 2 1000 39.55488513
92 3 10 0.00000001
92 3 50 1.02976197
92 3 100 1.09541504
92 3 1000 8.79941740
92 5 10 0.00000006
92 5 50 1.00001174
92 5 100 0.00000000
92 5 1000 1.01106099
93 1 10 1.01087204
93 1 50 11.85760520
93 1 100 18.58994208
93 1 1000 191.78355658
93 2 10 0.00000365
93 2 50 3.67282409
93 2 100 5.63361635
93 2 1000 41.79257807
93 3 10 0.99999976
93 3 50 1.13626217
93 3 100 1.84402457
93 3 1000 5.45517649
93 5 10 0.00000000
93 5 50 0.00000786
93 5 100 1.00000045
93 5 1000 1.00920519
94 1 10 1.00183691
94 1 50 8.02978736
94 1 100 19.70057467
94 1 1000 181.24121274
94 2 10 1.24907463
94 2 50 2.15882037
94 2 100 6.67113698
94 2 1000 41.00094110
94 3 10 0.00018311
94 3 50 1.00021878
94 3 100 1.03023597
94 3 1000 10.39786283
94 5 10 0.00003260
94 5 50 0.00000194
94 5 100 0.00000355
94 5 1000 1.00207773
95 1 10 1.89933000
95 1 50 14.17595008
95 1 100 19.63825602
95 1 1000 188.43594229
95 2 10 1.01151116
95 2 50 1.83467117
95 2 100 3.52357179
95 2 1000 36.65793708
95 3 10 1.00000435
95 3 50 1.00362190
95 3 100 1.86134612
95 3 1000 9.07102205
95 5 10 0.00000000
95 5 50 0.00000721
95 5 100 1.01605455
95 5 1000 2.41017602
96 1 10 2.91951903
96 1 50 9.64813349
96 1 100 19.42316035
96 1 1000 184.25242083
96 2 10 1.66438405
96 2 50 1.30571815
96 2 100 4.32338196
96 2 1000 42.21379112
96 3 10 0.99999976
96 3 50 1.36004086
96 3 100 2.59036801
96 3 1000 8.55638082
96 5 10 0.00000000
96 5 50 0.00000047
96 5 100 1.00060059
96 5 1000 1.29767364
97 1 10 3.30981349
97 1 50 13.68984611
97 1 100 25.03763753
97 1 1000 180.01984514
97 2 10 0.99999977
97 2 50 3.16988891
97 2 100 2.51983893
97 2 1000 39.27044330
97 3 10 1.00089103
97 3 50 1.59706311
97 3 100 1.18399686
97 3 1000 5.17597614
97 5 10 0.00000056
97 5 50 0.00000186
97 5 100 1.00230568
97 5 1000 1.07114932
98 1 10 3.64807847
98 1 50 7.91601070
98 1 100 17.13167337
98 1 1000 200.73548377
98 2 10 1.15495028
98 2 50 4.70519681
98 2 100 5.10045636
98 2 1000 41.96852202
98 3 10 1.01908244
98 3 50 1.41540515
98 3 100 1.64380224
98 3 1000 10.07461980
98 5 10 0.00000000
98 5 50 0.00000067
98 5 100 0.00000233
98 5 1000 1.04257678
99 1 10 2.16693803
99 1 50 10.19185943
99 1 100 19.19157301
99 1 1000 193.15465604
99 2 10 1.00016716
99 2 50 2.76103036
99 2 100 6.62449003
99 2 1000 35.54917133
99 3 10 0.00000001
99 3 50 1.48051599
99 3 100 1.09537035
99 3 1000 8.39500871
99 5 10 0.00000002
99 5 50 0.00000305
99 5 100 1.00003064
99 5 1000 1.46556240
