50 1 10 4.10422957
50 1 50 12.00367181
50 1 100 20.79497104
50 1 1000 191.36993450
50 2 10 0.00000001
50 2 50 3.89131562
50 2 100 5.87185272
50 2 1000 31.96740605
50 3 10 0.00000000
50 3 50 1.42768575
50 3 100 2.50385023
50 3 1000 9.24396057
50 5 10 0.00000000
50 5 50 0.00000004
50 5 100 0.00000000
50 5 1000 1.66965808
51 1 10 2.77997182
51 1 50 11.99937333
51 1 100 22.09809911
51 1 1000 178.59035630
51 2 10 1.15978630
51 2 50 2.99632113
51 2 100 6.03151267
51 2 1000 38.39818387
51 3 10 1.00217731
51 3 50 1.00134404
51 3 100 1.78507055
51 3 1000 7.50275476
51 5 10 0.00000000
51 5 50 0.00000000
51 5 100 0.00000003
51 5 1000 1.88554338
52 1 10 2.47146886
52 1 50 12.56349911
52 1 100 21.89798505
52 1 1000 196.25174709
52 2 10 0.00000000
52 2 50 5.75114404
52 2 100 4.62558872
52 2 1000 41.70395907
52 3 10 0.00000003
52 3 50 1.01816470
52 3 100 3.39346548
52 3 1000 9.30866153
52 5 10 0.00000000
52 5 50 0.00000009
52 5 100 0.00000002
52 5 1000 1.08662418
53 1 10 1.98408977
53 1 50 8.22050859
53 1 100 20.13254162
53 1 1000 209.27863535
53 2 10 1.55724268
53 2 50 2.32167507
53 2 100 5.54718901
53 2 1000 40.04808811
53 3 10 0.99986459
53 3 50 2.72302560
53 3 100 1.41333668
53 3 1000 8.37030912
53 5 10 0.00000000
53 5 50 0.00000002
53 5 100 0.00000002
53 5 1000 1.31706855
54 1 10 2.31775405
54 1 50 7.11144692
54 1 100 25.11046029
54 1 1000 191.89884751
54 2 10 1.98619951
54 2 50 2.95108612
54 2 100 3.49133946
54 2 1000 37.18454587
54 3 10 0.00000001
54 3 50 1.00756205
54 3 100 1.71068464
54 3 1000 7.53035667
54 5 10 0.00000000
54 5 50 0.00000003
54 5 100 0.00000003
54 5 1000 1.34906002
55 1 10 1.71608631
55 1 50 12.86725859
55 1 100 22.05235612
55 1 1000 191.63898260
55 2 10 1.80577100
55 2 50 2.82664385
55 2 100 6.04663626
55 2 1000 34.23145669
55 3 10 0.00000004
55 3 50 0.00000002
55 3 100 2.19941689
55 3 1000 12.15216576
55 5 10 0.00000000
55 5 50 0.00000000
55 5 100 0.00000002
55 5 1000 1.00522418
56 1 10 3.56858105
56 1 50 10.64165663
56 1 100 18.74451502
56 1 1000 168.56741949
56 2 10 0.99997723
56 2 50 2.68827645
56 2 100 3.07277269
56 2 1000 38.81478707
56 3 10 0.00000005
56 3 50 1.10162195
56 3 100 2.25718176
56 3 1000 8.62368118
56 5 10 0.00000000
56 5 50 0.00000001
56 5 100 0.00000005
56 5 1000 1.10252953
57 1 10 3.47932635
57 1 50 11.82852781
57 1 100 21.40868333
57 1 1000 202.39579760
57 2 10 1.00748644
57 2 50 2.33875743
57 2 100 4.97261423
57 2 1000 38.40040200
57 3 10 0.00000001
57 3 50 2.15840805
57 3 100 3.73598082
57 3 1000 7.79761810
57 5 10 0.00000001
57 5 50 0.00000003
57 5 100 0.00000000
57 5 1000 1.06914677
58 1 10 3.95834371
58 1 50 12.70298576
58 1 100 19.48901020
58 1 1000 195.49316756
58 2 10 1.60610298
58 2 50 3.66321260
58 2 100 4.84542605
58 2 1000 33.72591647
58 3 10 1.00683134
58 3 50 1.66704671
58 3 100 1.40728926
58 3 1000 10.49785605
58 5 10 0.00000000
58 5 50 0.00000002
58 5 100 0.99989584
58 5 1000 2.29894720
59 1 10 3.40231071
59 1 50 12.39014742
59 1 100 21.79187313
59 1 1000 199.10455290
59 2 10 1.60918172
59 2 50 4.99499566
59 2 100 5.60256597
59 2 1000 35.22206936
59 3 10 0.00000000
59 3 50 1.75231534
59 3 100 1.74088805
59 3 1000 10.61772285
59 5 10 0.00000000
59 5 50 0.99917659
59 5 100 0.00000001
59 5 1000 1.03109400
60 1 10 3.15663043
60 1 50 10.32848982
60 1 100 24.47558444
60 1 1000 187.78938973
60 2 10 0.00000001
60 2 50 2.93840169
60 2 100 5.95776485
60 2 1000 40.30643408
60 3 10 0.00000000
60 3 50 0.00000001
60 3 100 1.01688799
60 3 1000 9.10891848
60 5 10 0.00000000
60 5 50 0.00000001
60 5 100 0.00000000
60 5 1000 1.02630378
61 1 10 3.11748301
61 1 50 8.20932915
61 1 100 17.67405616
61 1 1000 173.07344643
61 2 10 1.98385042
61 2 50 3.86520950
61 2 100 3.10736185
61 2 1000 35.26577643
61 3 10 0.00000000
61 3 50 1.00361541
61 3 100 1.60690144
61 3 1000 10.33390084
61 5 10 0.00000000
61 5 50 0.00000001
61 5 100 0.00000005
61 5 1000 2.30171434
62 1 10 2.88787245
62 1 50 9.10523198
62 1 100 19.44934292
62 1 1000 184.13714436
62 2 10 1.51021149
62 2 50 3.06602139
62 2 100 4.19342133
62 2 1000 32.93890217
62 3 10 0.00000002
62 3 50 1.28619782
62 3 100 2.58385119
62 3 1000 7.03479993
62 5 10 0.00000001
62 5 50 0.00000000
62 5 100 0.00000002
62 5 1000 1.51344547
63 1 10 0.00000001
63 1 50 9.01623380
63 1 100 25.19587723
63 1 1000 188.52021290
63 2 10 1.39163692
63 2 50 2.09312880
63 2 100 4.34278187
63 2 1000 39.83867557
63 3 10 0.00000000
63 3 50 1.00824557
63 3 100 1.99135869
63 3 1000 10.36608487
63 5 10 0.00000000
63 5 50 0.00000002
63 5 100 0.00000001
63 5 1000 1.06016445
64 1 10 5.03638716
64 1 50 13.69040097
64 1 100 23.43095620
64 1 1000 194.65503579
64 2 10 0.00000000
64 2 50 3.93674623
64 2 100 6.29541255
64 2 1000 40.80479978
64 3 10 1.09731028
64 3 50 1.54721947
64 3 100 1.00375554
64 3 1000 11.06667299
64 5 10 0.00000000
64 5 50 0.00000002
64 5 100 0.00000001
64 5 1000 1.04380695
65 1 10 4.66992112
65 1 50 9.43530018
65 1 100 23.86675711
65 1 1000 196.48128859
65 2 10 1.00389367
65 2 50 4.61493062
65 2 100 7.05856796
65 2 1000 38.10510136
65 3 10 0.99999943
65 3 50 1.88094631
65 3 100 2.33840883
65 3 1000 9.83908930
65 5 10 0.00000001
65 5 50 0.00000000
65 5 100 0.00000001
65 5 1000 1.49285742
66 1 10 3.36068551
66 1 50 16.73730040
66 1 100 19.14565896
66 1 1000 180.11894187
66 2 10 0.00000000
66 2 50 3.74006950
66 2 100 5.24995119
66 2 1000 38.88638765
66 3 10 0.00000001
66 3 50 1.14303690
66 3 100 2.19944492
66 3 1000 8.08278222
66 5 10 0.00000000
66 5 50 0.00000000
66 5 100 0.00000001
66 5 1000 1.69931420
67 1 10 2.11210176
67 1 50 7.44910063
67 1 100 24.95557381
67 1 1000 194.59690351
67 2 10 0.99997506
67 2 50 4.14031376
67 2 100 5.33154794
67 2 1000 40.39688635
67 3 10 0.00000003
67 3 50 1.60357859
67 3 100 1.69307144
67 3 1000 7.91992918
67 5 10 0.00000002
67 5 50 0.99987913
67 5 100 1.01278404
67 5 1000 1.17228066
68 1 10 2.41650514
68 1 50 10.78610713
68 1 100 23.55176876
68 1 1000 176.42241449
68 2 10 0.00000000
68 2 50 1.24947682
68 2 100 5.38759489
68 2 1000 38.02967674
68 3 10 0.00000000
68 3 50 1.75557683
68 3 100 2.38369284
68 3 1000 9.42513921
68 5 10 0.00000000
68 5 50 0.00000003
68 5 100 0.00000001
68 5 1000 2.10548738
69 1 10 2.61084412
69 1 50 9.54479046
69 1 100 23.91091457
69 1 1000 195.22998101
69 2 10 1.02501007
69 2 50 4.07701530
69 2 100 6.15686263
69 2 1000 35.33687195
69 3 10 0.99988441
69 3 50 1.00175807
69 3 100 1.02545646
69 3 1000 7.19647425
69 5 10 0.00000000
69 5 50 0.00000004
69 5 100 0.00000001
69 5 1000 2.01094012
70 1 10 3.16391285
70 1 50 11.67654084
70 1 100 19.35819892
70 1 1000 171.49924767
70 2 10 1.49367475
70 2 50 2.75649675
70 2 100 4.90701483
70 2 1000 36.78225084
70 3 10 0.00000000
70 3 50 1.53674945
70 3 100 1.66590929
70 3 1000 10.15733066
70 5 10 0.00000003
70 5 50 0.00000002
70 5 100 0.99987968
70 5 1000 1.26276036
71 1 10 2.91949497
71 1 50 13.31236470
71 1 100 22.36430495
71 1 1000 186.92984595
71 2 10 1.00541283
71 2 50 3.33219192
71 2 100 6.45560480
71 2 1000 38.89589810
71 3 10 0.00000003
71 3 50 2.01874292
71 3 100 2.62644086
71 3 1000 8.73699169
71 5 10 0.00000000
71 5 50 0.00000002
71 5 100 1.00038124
71 5 1000 1.72819173
72 1 10 3.08255821
72 1 50 12.36113443
72 1 100 22.20624635
72 1 1000 180.05466054
72 2 10 1.07105638
72 2 50 3.46481045
72 2 100 5.46408939
72 2 1000 39.73752805
72 3 10 0.00000002
72 3 50 1.57324415
72 3 100 2.20265071
72 3 1000 9.02398759
72 5 10 0.00000000
72 5 50 0.00000001
72 5 100 0.00000000
72 5 1000 1.02767156
73 1 10 4.66885886
73 1 50 10.42548146
73 1 100 23.26066560
73 1 1000 193.10394297
73 2 10 0.00000000
73 2 50 2.06029836
73 2 100 6.28232115
73 2 1000 31.75981044
73 3 10 0.00000001
73 3 50 1.00016103
73 3 100 2.08092025
73 3 1000 10.43859279
73 5 10 0.00000000
73 5 50 0.00000000
73 5 100 0.00000000
73 5 1000 1.02437473
74 1 10 2.53415584
74 1 50 11.99251531
74 1 100 21.79819796
74 1 1000 191.38419357
74 2 10 1.00287350
74 2 50 4.77503775
74 2 100 6.78271057
74 2 1000 37.49818447
74 3 10 0.00000000
74 3 50 1.63663282
74 3 100 1.98394991
74 3 1000 10.24442371
74 5 10 0.00000002
74 5 50 0.00000000
74 5 100 0.00000002
74 5 1000 1.12414771
75 1 10 2.88068168
75 1 50 11.47186103
75 1 100 20.96694084
75 1 1000 182.20011495
75 2 10 0.00000000
75 2 50 3.50710018
75 2 100 4.89739668
75 2 1000 38.54629907
75 3 10 0.00000000
75 3 50 0.00000002
75 3 100 3.91913037
75 3 1000 8.28461327
75 5 10 0.00000000
75 5 50 0.00000002
75 5 100 0.00000000
75 5 1000 1.28760189
76 1 10 3.63830155
76 1 50 8.56626939
76 1 100 22.50825715
76 1 1000 173.27096654
76 2 10 1.00022462
76 2 50 4.25226062
76 2 100 5.73065665
76 2 1000 36.34658440
76 3 10 0.00000000
76 3 50 1.00342791
76 3 100 1.96712359
76 3 1000 7.55075880
76 5 10 0.00000001
76 5 50 0.00000000
76 5 100 0.99933550
76 5 1000 1.44196938
77 1 10 2.50040151
77 1 50 12.77348182
77 1 100 22.29632673
77 1 1000 185.51930613
77 2 10 1.00174269
77 2 50 3.56929665
77 2 100 4.14401279
77 2 1000 42.51386406
77 3 10 0.99999722
77 3 50 1.00570596
77 3 100 3.24665330
77 3 1000 7.31503796
77 5 10 0.00000000
77 5 50 0.00000000
77 5 100 0.00000001
77 5 1000 2.03355097
78 1 10 3.21850096
78 1 50 9.69342001
78 1 100 19.89518714
78 1 1000 188.37191274
78 2 10 0.00000000
78 2 50 2.82750370
78 2 100 6.09363208
78 2 1000 36.16324406
78 3 10 0.00000001
78 3 50 1.01841534
78 3 100 2.27859572
78 3 1000 8.28271870
78 5 10 0.00000000
78 5 50 0.00000002
78 5 100 0.00000002
78 5 1000 1.11703768
79 1 10 2.90251280
79 1 50 11.76888502
79 1 100 25.07184486
79 1 1000 194.70262369
79 2 10 1.73184282
79 2 50 4.94566346
79 2 100 5.51665000
79 2 1000 41.33562853
79 3 10 0.00000000
79 3 50 0.00000002
79 3 100 2.21649394
79 3 1000 8.96959040
79 5 10 0.00000000
79 5 50 0.00000001
79 5 100 1.00090976
79 5 1000 1.04382246
80 1 10 3.04675194
80 1 50 10.26118463
80 1 100 20.26826034
80 1 1000 177.00986842
80 2 10 1.22637790
80 2 50 2.60258685
80 2 100 4.38922128
80 2 1000 36.89430545
80 3 10 1.06849530
80 3 50 1.01410452
80 3 100 1.89245408
80 3 1000 7.89782413
80 5 10 0.00000000
80 5 50 0.99982837
80 5 100 0.00000000
80 5 1000 1.05159608
81 1 10 2.88860995
81 1 50 7.03829538
81 1 100 16.32396805
81 1 1000 178.97733028
81 2 10 0.99997929
81 2 50 4.75710751
81 2 100 6.51075988
81 2 1000 40.53662532
81 3 10 0.00000001
81 3 50 1.11633305
81 3 100 2.10769695
81 3 1000 10.15355268
81 5 10 0.00000000
81 5 50 0.00000000
81 5 100 0.00000003
81 5 1000 1.54816699
82 1 10 2.21571095
82 1 50 7.70978066
82 1 100 21.57872425
82 1 1000 197.21054660
82 2 10 1.72662894
82 2 50 2.42231002
82 2 100 5.30196438
82 2 1000 37.63195703
82 3 10 0.00000000
82 3 50 1.13980165
82 3 100 2.03514345
82 3 1000 7.69426136
82 5 10 0.00000000
82 5 50 0.00000002
82 5 100 0.00000004
82 5 1000 1.46645930
83 1 10 3.62669909
83 1 50 12.35605885
83 1 100 20.54202547
83 1 1000 190.83166557
83 2 10 2.82534960
83 2 50 1.39780557
83 2 100 6.15689309
83 2 1000 40.11460058
83 3 10 0.00000003
83 3 50 1.49785393
83 3 100 2.70160228
83 3 1000 8.10312698
83 5 10 0.00000000
83 5 50 0.00000000
83 5 100 0.00000002
83 5 1000 1.04522228
84 1 10 4.00099654
84 1 50 15.02513440
84 1 100 24.80332086
84 1 1000 174.56938096
84 2 10 0.99998194
84 2 50 3.75090166
84 2 100 6.57047907
84 2 1000 37.11275538
84 3 10 1.60784122
84 3 50 1.52601760
84 3 100 3.14624998
84 3 1000 8.59653941
84 5 10 0.00000000
84 5 50 0.00000002
84 5 100 0.00000000
84 5 1000 1.06438779
85 1 10 3.78911461
85 1 50 13.39458144
85 1 100 20.09120545
85 1 1000 181.43727121
85 2 10 1.93410755
85 2 50 3.19431519
85 2 100 5.56863463
85 2 1000 35.07020206
85 3 10 0.00000000
85 3 50 1.23985645
85 3 100 1.05796938
85 3 1000 8.94492781
85 5 10 0.00000000
85 5 50 0.00000002
85 5 100 0.00000000
85 5 1000 2.13429301
86 1 10 3.72855440
86 1 50 12.59626529
86 1 100 19.27625026
86 1 1000 196.49863790
86 2 10 1.00050872
86 2 50 3.57133301
86 2 100 6.18414762
86 2 1000 34.94417700
86 3 10 0.00000000
86 3 50 1.35863767
86 3 100 2.38310325
86 3 1000 10.81179400
86 5 10 0.00000000
86 5 50 0.00000001
86 5 100 0.00000000
86 5 1000 1.82786591
87 1 10 2.88755170
87 1 50 11.17503453
87 1 100 19.58577109
87 1 1000 180.68860275
87 2 10 1.33657334
87 2 50 3.73741732
87 2 100 6.22588948
87 2 1000 34.43255721
87 3 10 0.00000000
87 3 50 1.39046551
87 3 100 1.40752242
87 3 1000 7.75330677
87 5 10 0.00000000
87 5 50 0.00000000
87 5 100 0.00000000
87 5 1000 1.43011303
88 1 10 3.82459441
88 1 50 8.67141744
88 1 100 21.29819946
88 1 1000 188.34908816
88 2 10 1.01109042
88 2 50 2.99922310
88 2 100 5.45758318
88 2 1000 36.23365928
88 3 10 0.00000002
88 3 50 1.41668344
88 3 100 1.01980682
88 3 1000 8.58160561
88 5 10 0.00000000
88 5 50 0.00000000
88 5 100 1.01619950
88 5 1000 1.40046815
89 1 10 3.45503087
89 1 50 5.17093528
89 1 100 12.96501002
89 1 1000 182.80984283
89 2 10 0.00000000
89 2 50 4.12094663
89 2 100 6.09103349
89 2 1000 37.35220112
89 3 10 0.00000001
89 3 50 0.00000001
89 3 100 1.77716905
89 3 1000 9.11669472
89 5 10 0.00000000
89 5 50 0.00000000
89 5 100 0.00000001
89 5 1000 1.03267582
90 1 10 4.20183252
90 1 50 14.89607772
90 1 100 17.81625526
90 1 1000 192.07415104
90 2 10 0.00000001
90 2 50 5.24355734
90 2 100 5.42046088
90 2 1000 37.87752004
90 3 10 0.00000000
90 3 50 1.88365070
90 3 100 1.47033581
90 3 1000 8.66338577
90 5 10 0.00000000
90 5 50 0.00000000
90 5 100 0.00000001
90 5 1000 1.04324155
91 1 10 3.23172902
91 1 50 11.97304125
91 1 100 18.71367929
91 1 1000 193.94810089
91 2 10 1.00146911
91 2 50 2.53722274
91 2 100 5.01548202
91 2 1000 36.69706739
91 3 10 1.00050018
91 3 50 1.49201557
91 3 100 2.66015347
91 3 1000 9.13460124
91 5 10 0.00000000
91 5 50 0.00000002
91 5 100 0.00000000
91 5 1000 1.49570469
92 1 10 4.12175040
92 1 50 13.32155748
92 1 100 23.24321950
92 1 1000 180.17973313
92 2 10 1.76258833
92 2 50 3.14498680
92 2 100 5.01893885
92 2 1000 32.58106861
92 3 10 0.00000000
92 3 50 0.00000002
92 3 100 1.11363845
92 3 1000 8.79919480
92 5 10 0.00000004
92 5 50 0.00000000
92 5 100 0.00000000
92 5 1000 1.01756643
93 1 10 1.01087221
93 1 50 8.92139781
93 1 100 18.58994143
93 1 1000 191.78349506
93 2 10 3.15504645
93 2 50 3.67276178
93 2 100 3.83605605
93 2 1000 38.07589657
93 3 10 0.00000002
93 3 50 1.36876837
93 3 100 1.09566766
93 3 1000 10.60464067
93 5 10 0.00000000
93 5 50 0.00000000
93 5 100 1.00019536
93 5 1000 1.14999097
94 1 10 4.27164300
94 1 50 10.60062477
94 1 100 21.23869199
94 1 1000 178.96162673
94 2 10 1.24907297
94 2 50 3.26855641
94 2 100 3.96128753
94 2 1000 41.89269579
94 3 10 0.99999774
94 3 50 1.95390219
94 3 100 1.70933182
94 3 1000 10.05481464
94 5 10 0.00000000
94 5 50 0.00000000
94 5 100 0.00000001
94 5 1000 1.03705744
95 1 10 1.89932677
95 1 50 14.17594092
95 1 100 17.99485120
95 1 1000 189.71808070
95 2 10 1.01062631
95 2 50 4.16568315
95 2 100 6.27656369
95 2 1000 36.65789012
95 3 10 0.00000004
95 3 50 1.83901093
95 3 100 2.08669332
95 3 1000 8.52807901
95 5 10 0.00000000
95 5 50 0.00000001
95 5 100 0.99987851
95 5 1000 1.09598659
96 1 10 2.58578419
96 1 50 9.64813363
96 1 100 19.42314801
96 1 1000 175.70411231
96 2 10 1.15871864
96 2 50 5.48713353
96 2 100 8.41364207
96 2 1000 43.25349750
96 3 10 0.00000000
96 3 50 1.35999910
96 3 100 2.25722170
96 3 1000 9.89169510
96 5 10 0.00000000
96 5 50 0.00000001
96 5 100 1.00267084
96 5 1000 1.03398766
97 1 10 3.30981321
97 1 50 13.68984543
97 1 100 25.03762978
97 1 1000 180.01984317
97 2 10 0.99999279
97 2 50 1.37976030
97 2 100 5.93852436
97 2 1000 35.64953055
97 3 10 0.00000000
97 3 50 1.02892438
97 3 100 1.74090552
97 3 1000 7.99705052
97 5 10 0.00000001
97 5 50 0.00000002
97 5 100 1.00152238
97 5 1000 1.01302217
98 1 10 3.64807850
98 1 50 8.64174106
98 1 100 25.34672329
98 1 1000 200.73547581
98 2 10 1.21372794
98 2 50 3.21622532
98 2 100 6.73547513
98 2 1000 36.87744546
98 3 10 1.01906501
98 3 50 1.76921364
98 3 100 1.12549353
98 3 1000 6.93304828
98 5 10 0.00000000
98 5 50 0.00000000
98 5 100 0.00000001
98 5 1000 1.00328997
99 1 10 2.92139032
99 1 50 9.89560030
99 1 100 19.36126739
99 1 1000 173.59457501
99 2 10 1.03784650
99 2 50 2.69312977
99 2 100 6.62431163
99 2 1000 41.44204444
99 3 10 0.00000002
99 3 50 1.01867455
99 3 100 1.89869921
99 3 1000 8.36683430
99 5 10 0.00000001
99 5 50 0.00000002
99 5 100 0.00000001
99 5 1000 1.04222223
